e=2.71828
pi=3.14159265359
